53	72
92	47
39	90
42	57
19	44
11	30
89	3
88	85
36	97
74	55
28	16
66	67
1	57
71	19
55	69
15	13
37	60
86	38
54	9
28	35
38	66
2	21
73	44
99	36
41	62
-78	-90
-81	-70
-2	-9
-62	-68
-77	-72
-97	-46
-98	-9
-25	-31
-35	-80
-99	-84
-74	-23
-95	-56
-14	-99
-24	-15
-36	-97
-54	-93
-98	-25
-67	-68
-75	-23
-9	-63
-4	-39
-99	-29
-55	-99
-46	-61
-35	-41
61	-47
39	-3
30	-79
14	-49
39	-48
58	-13
28	-36
32	-55
87	-2
4	-82
90	-56
72	-19
92	-26
90	-99
39	-27
21	-15
20	-14
69	-63
99	-63
8	-50
8	-92
79	-8
86	-62
81	-37
0	-44
-60	30
-66	58
-5	1
-96	94
-90	38
-52	35
-27	51
-20	49
-26	4
-67	5
-70	3
-21	45
-29	42
-5	47
-48	14
-98	86
0	50
-7	81
-27	33
-64	71
-33	44
-82	91
-27	55
-30	32
-63	61
